1 1.400000	1.400000
2 1.548000	1.548000
3 1.548000	1.548000
4 1.348000	1.348000
5 1.548000	1.548000
6 1.548000	1.548000
7 1.548000	1.548000
8 1.400000	1.400000
9 1.548000	1.548000
10 1.548000	1.548000
11 1.348000	1.348000
12 1.400000	1.400000
13 1.548000	1.548000
14 1.548000	1.548000
15 1.348000	1.348000
16 1.548000	1.548000
17 1.400000	1.400000
18 1.548000	1.548000
19 1.548000	1.548000
20 1.348000	1.348000
21 1.548000	1.548000
22 1.548000	1.548000
23 1.548000	1.548000
24 1.548000	1.548000
25 1.400000	1.400000
26 1.548000	1.548000
27 1.548000	1.548000
28 1.348000	1.348000
29 1.548000	1.548000
30 1.400000	1.400000
31 1.548000	1.548000
32 1.548000	1.548000
33 1.348000	1.348000
34 1.548000	1.548000
35 1.548000	1.548000
36 1.548000	1.548000
37 1.400000	1.400000
38 1.548000	1.548000
39 1.548000	1.548000
40 1.348000	1.348000
41 1.548000	1.548000
42 1.548000	1.548000
43 1.548000	1.548000
44 1.400000	1.400000
45 1.548000	1.548000
46 1.548000	1.548000
47 1.348000	1.348000
48 1.548000	1.548000
49 1.548000	1.548000
50 1.548000	1.548000
51 1.400000	1.400000
52 1.548000	1.548000
53 1.548000	1.548000
54 1.348000	1.348000
55 1.548000	1.548000
56 1.548000	1.548000
57 1.548000	1.548000
58 1.548000	1.548000
59 1.400000	1.400000
60 1.548000	1.548000
61 1.548000	1.548000
62 1.548000	1.548000
63 1.548000	1.548000
64 1.548000	1.548000
65 1.400000	1.400000
66 1.548000	1.548000
67 1.548000	1.548000
68 1.348000	1.348000
69 1.548000	1.548000
70 1.548000	1.548000
71 1.548000	1.548000
72 1.548000	1.548000
73 1.400000	1.400000
74 1.548000	1.548000
75 1.548000	1.548000
76 1.348000	1.348000
77 1.548000	1.548000
78 1.548000	1.548000
79 1.548000	1.548000
80 1.548000	1.548000
81 1.400000	1.400000
82 1.548000	1.548000
83 1.548000	1.548000
84 1.548000	1.548000
85 1.548000	1.548000
86 1.548000	1.548000
87 1.400000	1.400000
88 1.548000	1.548000
89 1.548000	1.548000
90 1.348000	1.348000
91 1.548000	1.548000
92 1.548000	1.548000
93 1.548000	1.548000
94 1.548000	1.548000
95 1.400000	1.400000
96 1.548000	1.548000
97 1.548000	1.548000
98 1.348000	1.348000
99 1.548000	1.548000
100 1.548000	1.548000
101 1.548000	1.548000
102 1.548000	1.548000
103 1.400000	1.400000
104 1.548000	1.548000
105 1.548000	1.548000
106 1.548000	1.548000
107 1.548000	1.548000
108 1.548000	1.548000
109 1.400000	1.400000
110 1.548000	1.548000
111 1.548000	1.548000
112 1.348000	1.348000
113 1.548000	1.548000
114 1.548000	1.548000
115 1.548000	1.548000
116 1.548000	1.548000
117 1.400000	1.400000
118 1.548000	1.548000
119 1.548000	1.548000
120 1.348000	1.348000
121 1.548000	1.548000
122 1.548000	1.548000
123 1.548000	1.548000
124 1.548000	1.548000
125 1.400000	1.400000
126 1.548000	1.548000
127 1.548000	1.548000
128 1.548000	1.548000
129 1.548000	1.548000
130 1.548000	1.548000
131 1.400000	1.400000
132 1.548000	1.548000
133 1.548000	1.548000
134 1.348000	1.348000
135 1.548000	1.548000
136 1.548000	1.548000
137 1.548000	1.548000
138 1.400000	1.400000
139 1.548000	1.548000
140 1.548000	1.548000
141 1.348000	1.348000
142 1.400000	1.400000
143 1.548000	1.548000
144 1.548000	1.548000
145 1.348000	1.348000
146 1.548000	1.548000
147 1.400000	1.400000
148 1.548000	1.548000
149 1.548000	1.548000
150 1.348000	1.348000
151 1.548000	1.548000
152 1.548000	1.548000
153 1.548000	1.548000
154 1.548000	1.548000
155 1.400000	1.400000
156 1.548000	1.548000
157 1.548000	1.548000
158 1.348000	1.348000
159 1.548000	1.548000
160 1.400000	1.400000
161 1.548000	1.548000
162 1.548000	1.548000
163 1.348000	1.348000
164 1.548000	1.548000
165 1.548000	1.548000
166 1.548000	1.548000
167 1.400000	1.400000
168 1.548000	1.548000
169 1.548000	1.548000
170 1.348000	1.348000
171 1.548000	1.548000
172 1.548000	1.548000
173 1.548000	1.548000
174 1.400000	1.400000
175 1.548000	1.548000
176 1.548000	1.548000
177 1.348000	1.348000
178 1.548000	1.548000
179 1.548000	1.548000
180 1.548000	1.548000
181 1.400000	1.400000
182 1.548000	1.548000
183 1.548000	1.548000
184 1.348000	1.348000
185 1.548000	1.548000
186 1.548000	1.548000
187 1.548000	1.548000
188 1.548000	1.548000
189 1.400000	1.400000
190 1.548000	1.548000
191 1.548000	1.548000
192 1.548000	1.548000
193 1.548000	1.548000
194 1.548000	1.548000
195 1.400000	1.400000
196 1.548000	1.548000
197 1.548000	1.548000
198 1.348000	1.348000
199 1.548000	1.548000
200 1.548000	1.548000
201 1.548000	1.548000
202 1.548000	1.548000
203 1.400000	1.400000
204 1.548000	1.548000
205 1.548000	1.548000
206 1.348000	1.348000
207 1.548000	1.548000
208 1.548000	1.548000
209 1.548000	1.548000
210 1.548000	1.548000
211 1.400000	1.400000
212 1.548000	1.548000
213 1.548000	1.548000
214 1.548000	1.548000
215 1.548000	1.548000
216 1.548000	1.548000
217 1.400000	1.400000
218 1.548000	1.548000
219 1.548000	1.548000
220 1.348000	1.348000
221 1.548000	1.548000
222 1.548000	1.548000
223 1.548000	1.548000
224 1.548000	1.548000
225 1.400000	1.400000
226 1.548000	1.548000
227 1.548000	1.548000
228 1.348000	1.348000
229 1.548000	1.548000
230 1.548000	1.548000
231 1.548000	1.548000
232 1.548000	1.548000
233 1.400000	1.400000
234 1.548000	1.548000
235 1.548000	1.548000
236 1.548000	1.548000
237 1.548000	1.548000
238 1.548000	1.548000
239 1.400000	1.400000
240 1.548000	1.548000
241 1.548000	1.548000
242 1.348000	1.348000
243 1.548000	1.548000
244 1.548000	1.548000
245 1.548000	1.548000
246 1.548000	1.548000
247 1.400000	1.400000
248 1.548000	1.548000
249 1.548000	1.548000
250 1.348000	1.348000
251 1.548000	1.548000
252 1.548000	1.548000
253 1.548000	1.548000
254 1.548000	1.548000
255 1.400000	1.400000
256 1.548000	1.548000
257 1.548000	1.548000
258 1.548000	1.548000
259 1.548000	1.548000
260 1.548000	1.548000
