261 812 650 136
  0.00000   0.00000   0.00000   0.00000
  2.19460  -2.77380  -0.41340   1.40000
  3.43780  -2.24320   0.11990   1.54800
  3.54770  -0.75800  -0.23810   1.54800
  3.76790  -0.40980  -1.39530   1.34800
  4.62090  -3.06890  -0.39440   1.54800
  5.92380  -2.63270   0.27560   1.54800
  4.37290  -4.56360  -0.19370   1.54800
  3.38790   0.07490   0.78250   1.40000
  3.46770   1.51230   0.59200   1.54800
  2.73160   2.25400   1.71040   1.54800
  3.34560   2.67260   2.69020   1.34800
  1.42600   2.39440   1.52550   1.40000
  0.60090   3.07720   2.50660   1.54800
 -0.83310   2.54820   2.41750   1.54800
 -1.31750   2.23720   1.33040   1.34800
  0.67990   4.58900   2.27720   1.54800
 -1.47250   2.46690   3.57480   1.40000
 -2.84020   1.98090   3.64270   1.54800
 -2.91670   0.82260   4.63710   1.54800
 -2.53480   0.96730   5.79610   1.34800
 -3.80120   3.12890   3.95980   1.54800
 -5.25250   2.66090   3.84130   1.54800
 -5.85000   2.36990   5.21950   1.54800
 -6.09170   3.66600   3.05370   1.54800
 -3.41520  -0.30450   4.14790   1.40000
 -3.54860  -1.48940   4.98190   1.54800
 -2.64180  -2.59300   4.43680   1.54800
 -2.79470  -3.02330   3.29580   1.34800
 -5.01750  -1.91500   5.03040   1.54800
 -1.71160  -3.02090   5.27970   1.40000
 -0.77970  -4.06720   4.89760   1.54800
  0.61760  -3.71270   5.41360   1.54800
  0.83590  -3.63280   6.62050   1.34800
 -1.27640  -5.42250   5.40550   1.54800
 -2.63310  -5.77380   4.79310   1.54800
 -0.24910  -6.52240   5.12750   1.54800
  1.52800  -3.50830   4.47160   1.40000
  2.89890  -3.16310   4.81490   1.54800
  3.16270  -1.70760   4.43000   1.54800
  2.73320  -1.25330   3.37290   1.34800
  3.86590  -4.14310   4.15110   1.54800
  5.28160  -3.97970   4.71090   1.54800
  3.37820  -5.58560   4.30680   1.54800
  3.87180  -1.01600   5.31140   1.40000
  4.20240   0.38020   5.07620   1.54800
  3.82750   1.20130   6.31070   1.54800
  4.26010   0.89640   7.42100   1.34800
  5.67770   0.51430   4.69710   1.54800
  5.93460  -0.04310   3.29580   1.54800
  6.14260   1.96630   4.80320   1.54800
  3.02350   2.23030   6.07530   1.40000
  2.58470   3.09700   7.15610   1.54800
  1.05960   3.20120   7.08780   1.54800
  0.49350   3.41910   6.01790   1.34800
  3.28090   4.45950   7.08110   1.54800
  2.66210   5.52310   7.99150   1.54800
  2.97280   5.80120   9.26590   1.54800
  1.62690   6.44790   7.68430   1.54800
  2.19910   6.83260   9.76050   1.40000
  1.34400   7.23620   8.74290   1.54800
  0.92530   6.60380   6.47120   1.54800
  0.37270   8.24350   8.74620   1.54800
 -0.04880   7.60920   6.47550   1.54800
 -0.33960   8.42180   7.56470   1.54800
  0.43350   3.04170   8.24620   1.40000
 -1.01470   3.11390   8.33330   1.54800
 -1.50920   2.09980   9.36760   1.54800
 -1.36120   2.30980  10.56850   1.34800
 -1.46260   4.54990   8.61720   1.54800
 -2.96420   4.59200   8.90540   1.54800
 -3.37310   5.94930   9.48330   1.54800
 -3.77230   4.23400   7.65890   1.54800
 -2.08960   1.02080   8.85820   1.40000
 -2.60820  -0.02750   9.72000   1.54800
 -2.07990  -1.36910   9.20670   1.54800
 -1.71820  -1.48990   8.03570   1.34800
 -4.13560   0.02720   9.79150   1.54800
 -4.68620   1.32740  10.37840   1.54800
 -4.30780   1.95010  11.50230   1.54800
 -5.71700   2.15730   9.86140   1.54800
 -5.03350   3.10440  11.71170   1.40000
 -5.93280   3.22680  10.65780   1.54800
 -6.47670   1.98150   8.68470   1.54800
 -6.88290   4.22370  10.41120   1.54800
 -7.42790   2.97770   8.43740   1.54800
 -7.64870   4.07790   9.25830   1.54800
 -2.05040  -2.34050  10.10650   1.40000
 -1.57000  -3.66880   9.75700   1.54800
 -0.23740  -3.92570  10.46010   1.54800
 -0.21180  -4.35180  11.61350   1.34800
 -2.63820  -4.71930  10.06590   1.54800
 -3.97400  -4.33010   9.42880   1.54800
 -3.93780  -4.53090   7.91230   1.54800
 -5.13450  -5.08780  10.07810   1.54800
  0.83880  -3.65380   9.73480   1.40000
  2.17420  -3.85060  10.27480   1.54800
  3.06960  -2.72810   9.73940   1.54800
  2.78310  -2.14610   8.69520   1.34800
  2.70010  -5.24560   9.94000   1.54800
  1.93230  -6.38050  10.61980   1.54800
  2.14980  -6.91780  11.82810   1.54800
  0.82180  -7.11280  10.11830   1.54800
  1.24860  -7.92570  12.10420   1.40000
  0.40600  -8.04130  11.00410   1.54800
  0.16510  -6.96610   8.87890   1.54800
 -0.66690  -8.91740  10.79660   1.54800
 -0.90880  -7.84100   8.67070   1.54800
 -1.33520  -8.79820   9.58290   1.54800
  4.13550  -2.46340  10.48150   1.40000
  5.07250  -1.42170  10.09610   1.54800
  4.99230  -0.26960  11.10090   1.54800
  5.52440  -0.36440  12.20380   1.34800
  6.48170  -2.00100   9.93850   1.54800
  6.56800  -2.86000   8.67580   1.54800
  7.04310  -2.02920   7.48000   1.54800
  7.44810  -4.08920   8.90840   1.54800
  4.32170   0.79400  10.67850   1.40000
  4.16350   1.96220  11.52870   1.54800
  2.74240   2.49770  11.33710   1.54800
  2.03490   2.07420  10.42490   1.34800
  5.24010   3.00760  11.22550   1.54800
  6.67100   2.48100  11.35590   1.54800
  7.42680   2.40280  12.46000   1.54800
  7.51140   1.96180  10.33110   1.54800
  8.66830   1.87200  12.18530   1.40000
  8.71330   1.59420  10.82450   1.54800
  7.22680   1.80800   8.95960   1.54800
  9.75230   1.05050  10.06290   1.54800
  8.26400   1.26290   8.19760   1.54800
  9.50120   0.88490   8.70690   1.54800
 -2.35510  -2.64100   0.40060   1.40000
 -3.56560  -2.03310  -0.12460   1.54800
 -3.58660  -0.54800   0.24950   1.54800
 -3.78470  -0.19940   1.41040   1.34800
 -4.79480  -2.79270   0.38040   1.54800
 -6.07120  -2.27110  -0.28370   1.54800
 -4.63580  -4.29790   0.16170   1.54800
 -3.37940   0.28620  -0.76020   1.40000
 -3.37030   1.72330  -0.55420   1.54800
 -2.59000   2.43250  -1.66410   1.54800
 -3.17800   2.89870  -2.64020   1.34800
 -1.28060   2.49340  -1.47830   1.40000
 -0.41630   3.13700  -2.45130   1.54800
  0.98580   2.52280  -2.36880   1.54800
  1.44820   2.17060  -1.28660   1.34800
 -0.40370   4.64780  -2.20670   1.54800
  1.61740   2.41460  -3.52760   1.40000
  2.95410   1.84810  -3.60090   1.54800
  2.96340   0.69940  -4.60920   1.54800
  2.59070   0.88150  -5.76680   1.34800
  3.98280   2.94050  -3.90550   1.54800
  5.40310   2.38520  -3.79290   1.54800
  5.98250   2.07550  -5.17400   1.54800
  6.30090   3.33230  -2.99480   1.54800
  3.39370  -0.46060  -4.13250   1.40000
  3.45530  -1.64030  -4.97840   1.54800
  2.48210  -2.69680  -4.44610   1.54800
  2.61170  -3.14790  -3.30920   1.34800
  4.89560  -2.15440  -5.03570   1.54800
  1.53090  -3.05710  -5.29520   1.40000
  0.53670  -4.04900  -4.92580   1.54800
 -0.83730  -3.60710  -5.43510   1.54800
 -1.04830  -3.49970  -6.64360   1.34800
  0.95130  -5.42760  -5.44700   1.54800
  2.28720  -5.86340  -4.83970   1.54800
 -0.14070  -6.46680  -5.18200   1.54800
 -1.73310  -3.36090  -4.49180   1.40000
 -3.07920  -2.92870  -4.83080   1.54800
 -3.25840  -1.46540  -4.42930   1.54800
 -2.80020  -1.04830  -3.36640   1.34800
 -4.10550  -3.85810  -4.17750   1.54800
 -5.50640  -3.60340  -4.73370   1.54800
 -3.70550  -5.32470  -4.34740   1.54800
 -3.92410  -0.72310  -5.30100   1.40000
 -4.16920   0.68930  -5.05350   1.54800
 -3.74590   1.50010  -6.27530   1.54800
 -4.19700   1.23420  -7.39020   1.34800
 -5.63590   0.90450  -4.66890   1.54800
 -5.92580   0.34800  -3.27340   1.54800
 -6.01210   2.38420  -4.75970   1.54800
 -2.88260   2.47470  -6.03190   1.40000
 -2.39210   3.32820  -7.10140   1.54800
 -0.86290   3.33870  -7.03310   1.54800
 -0.28730   3.51090  -5.95930   1.34800
 -3.00540   4.72610  -7.01070   1.54800
 -2.32590   5.76210  -7.90780   1.54800
 -2.61620   6.07420  -9.17810   1.54800
 -1.23650   6.62010  -7.58960   1.54800
 -1.78550   7.06190  -9.66160   1.40000
 -0.90790   7.40210  -8.63990   1.54800
 -0.52770   6.72170  -6.37570   1.54800
  0.12460   8.34990  -8.63390   1.54800
  0.50510   7.66690  -6.36960   1.54800
  0.84330   8.47220  -7.44950   1.54800
 -0.25060   3.15570  -8.19270   1.40000
  1.20230   3.14270  -8.27790   1.54800
  1.63720   2.11200  -9.32310   1.54800
  1.50130   2.34350 -10.52120   1.34800
  1.73400   4.55110  -8.54620   1.54800
  3.23670   4.50910  -8.83430   1.54800
  3.72560   5.84680  -9.39710   1.54800
  4.02140   4.08950  -7.59110   1.54800
  2.14930   0.99660  -8.82700   1.40000
  2.60400  -0.07100  -9.70230   1.54800
  1.99660  -1.38460  -9.20200   1.54800
  1.63040  -1.49700  -8.03370   1.34800
  4.13330  -0.10920  -9.77170   1.54800
  4.76040   1.16360 -10.34530   1.54800
  4.42070   1.82060 -11.46150   1.54800
  5.83900   1.92530  -9.81760   1.54800
  5.21430   2.93100 -11.65750   1.40000
  6.11750   2.98840 -10.60110   1.54800
  6.58660   1.68980  -8.64480   1.54800
  7.12560   3.92280 -10.34580   1.54800
  7.59590   2.62450  -8.38840   1.54800
  7.88100   3.71990  -9.19550   1.54800
  1.91080  -2.34330 -10.11470   1.40000
  1.35260  -3.64480  -9.78040   1.54800
  0.00500  -3.81250 -10.48500   1.54800
 -0.04650  -4.22360 -11.64230   1.34800
  2.35610  -4.75300 -10.09930   1.54800
  3.71170  -4.45150  -9.45880   1.54800
  3.66380  -4.66520  -7.94560   1.54800
  4.82560  -5.26880 -10.11950   1.54800
 -1.05150  -3.48680  -9.75600   1.40000
 -2.39600  -3.59690 -10.29800   1.54800
 -3.22350  -2.42970  -9.75030   1.54800
 -2.90330  -1.87730  -8.70120   1.34800
 -3.00770  -4.96130  -9.97980   1.54800
 -2.30680  -6.13290 -10.67240   1.54800
 -2.55520  -6.63900 -11.88640   1.54800
 -1.24050  -6.93480 -10.17990   1.54800
 -1.71640  -7.69960 -12.17310   1.40000
 -0.88000  -7.87730 -11.07800   1.54800
 -0.57850  -6.84090  -8.93890   1.54800
  0.13760  -8.81690 -10.87880   1.54800
  0.44160  -7.78140  -8.73960   1.54800
  0.81000  -8.75180  -9.66400   1.54800
 -4.27120  -2.09160 -10.48730   1.40000
 -5.14400  -1.00140 -10.09120   1.54800
 -4.99550   0.15660 -11.08030   1.54800
 -5.53390   0.10420 -12.18620   1.34800
 -6.58590  -1.49860  -9.93890   1.54800
 -6.72410  -2.36460  -8.68530   1.54800
 -7.15010  -1.52020  -7.48020   1.54800
 -7.67710  -3.53590  -8.93210   1.54800
 -4.26300   1.17060 -10.64860   1.40000
 -4.03570   2.33860 -11.48350   1.54800
 -2.58370   2.78490 -11.28710   1.54800
 -1.90310   2.31000 -10.38050   1.34800
 -5.04830   3.44450 -11.17010   1.54800
 -6.50670   3.00440 -11.30430   1.54800
 -7.26490   2.98330 -12.40990   1.54800
 -7.37580   2.52550 -10.28760   1.54800
 -8.53920   2.52560 -12.14190   1.40000
 -8.59840   2.23580 -10.78280   1.54800
 -7.10260   2.33890  -8.91640   1.54800
 -9.66820   1.74360 -10.02710   1.54800
 -8.17180   1.84730  -8.15900   1.54800
 -9.43090   1.54840  -8.67110   1.54800
       14        15
       13        15
       13        14
       12        15
       12        14
       12        13
       10        13
       10        12
      239       244
      229       239
      227       239
      227       229
       17        54
       17        20
       93        94
       91        94
       91        93
       52        55
       51        55
       51        52
       46        52
       46        51
       17        21
       14        17
       14        16
       28       131
       32        33
       31        33
       31        32
       30        33
       30        32
       30        31
       41        42
       39        42
       39        41
       38        42
       38        41
       38        39
       48        49
       44        49
       44        48
       42        44
      136       137
       53        65
       46        47
      134       139
      133       139
      133       134
       15       139
       40        45
       11        45
       10        11
       80        82
       79        82
       79        80
      167       171
      131       132
       13        16
       12        16
       10        16
        3         4
        2         4
        2         3
        1         4
        1         3
        1         2
       26        29
       25        29
       25        26
       19        26
       19        25
       19        22
       18        25
       18        22
       18        19
       45        49
       45        48
       31        35
       28        35
       28        31
       27        35
       27        31
       27        28
      165       166
        1         7
      175       176
      174       176
      174       175
      169       175
      169       174
        3         8
        3         6
        2         8
        2         6
       39        44
       38        44
       32        37
       32        36
       31        37
       31        36
       13        17
        5         7
        2         7
        2         5
        1         5
        4         5
        3         5
      235       237
      164       166
      168       171
      168       170
      167       170
      167       168
       83        85
       23        85
       23        83
       71        72
       63        64
        1       158
      198       199
        5         6
      155       159
        4       155
       57        59
       65        69
       53        69
       53        58
        4         9
        3         9
      124       126
      112       113
       15       142
       20        21
       18        21
       18        20
       17        18
      131       137
      102       105
      100       105
      100       102
       95       105
       95       102
       95       100
        8        10
      164       165
      161       165
      161       164
      160       165
      160       164
      160       161
      122       127
      121       127
      121       122
      117       127
      117       122
      117       121
       57        58
       48        50
       47        48
       46        50
       46        48
       30        76
       21        22
       19        21
       14        18
       19        20
       17        19
      221       222
      218       222
      218       221
      217       222
      217       221
      217       218
      119       120
       68        69
       79        81
       68        79
       68        70
      156       160
      150       156
      149       156
      149       150
       11        16
       11        13
       40        49
        8        40
        2        40
        9        11
        9        10
        8         9
       22        23
       19        23
       42        43
       41        43
       22        24
        9        12
       54        55
      171       172
      169       172
      169       171
      168       172
      168       169
      247       251
      177       247
      177       182
      149       155
      148       155
      148       149
      144       148
       21        23
      144       145
      142       145
      142       144
       38        43
       33        38
       32        43
       32        38
      209       211
      198       209
      198       200
       27        30
      256       258
      255       258
      255       256
      252       253
      251       253
      251       252
      248       252
      248       251
       25        28
       25        27
      253       256
      253       255
      248       249
      242       248
      241       248
      241       242
       99       100
       96       100
       96        99
       95        99
       95        96
       35        93
       84        86
       82        86
       82        84
       55        57
       65       120
       52       120
       52        65
       47        52
       61        63
       54        61
      197       198
      195       250
      195       198
      195       197
       70        72
       69        72
       69        70
       66        72
       66        70
       66        69
       15        18
       49        50
      147       184
      147       150
       39        40
       38        40
       37        40
       37        39
       37        38
      172       173
      171       173
        6         7
      138       139
      133       138
       58        60
       57        60
       53        54
       51        54
       51        53
       92        93
       75        92
       75        77
      180       181
      175       181
      175       180
      141       175
      226       228
      225       228
      225       226
      163       228
      163       225
      110       113
      110       112
      109       113
      109       110
       39        49
      178       179
      175       179
      175       178
       37        41
       30        35
       34        36
       33        34
       32        34
       23        24
       21        24
       70        71
       69        71
       20        26
       52        54
       37        43
      135       136
      134       135
      133       136
      133       135
       26        28
       26        27
       45        46
       44        46
       44        45
       39        45
       34        35
       31        34
       30        34
       96        98
       95        98
       33        98
       33        95
      100       101
       90       101
       90       100
       90        96
      126       129
      124       129
      196       202
      184       196
      132       136
      132       135
      132       133
       28        29
       27        29
       45        47
      104       106
      103       106
      103       104
      132       134
      131       134
      132       138
      131       133
       52        53
      115       116
       44        47
       12       145
       26        30
      151       152
      148       152
      148       151
       58        61
       53        61
      105       107
      102       107
       91        92
       88        92
       88        91
       87        92
       87        91
       87        88
      111       117
      110       117
      110       111
      155       157
       78        79
       77        79
       77        78
       74        79
       74        78
       74        77
       50        51
      110       115
       47       127
      187       188
      186       188
      186       187
       35        36
       75        87
       74        87
       74        75
       90        91
       88        90
       81        82
      157       158
      156       158
      156       157
      155       158
      155       156
       25       134
      149       152
      150       151
      149       151
      148       150
      118       122
      112       122
      112       118
      111       122
      111       118
      111       112
       89        95
       87        89
       85        86
      169       170
       75        76
       60        64
       60        63
       53        55
      114       115
       59        62
      117       120
       97        98
       45        51
       45        50
      123       125
      112       123
       66        68
       65        68
       65        66
      127       129
      115       129
       58        63
        4       148
       80        85
       80        83
       53        66
      163       168
      162       168
      162       163
      110       114
       98       110
       97       110
      259       260
      245       259
      243       245
       59        60
      121       123
      119       121
      118       121
      118       119
      145       148
      106       108
      104       108
       67        79
       67        78
       67        74
       77        83
       74        76
       73        76
       73        75
       73        74
      135       137
      132       137
       55        56
       53        56
       52        56
       73        78
       73        77
       82        85
      147       149
       54        66
       67        72
       67        70
      156       159
      149       153
      169       179
       99       105
       72        83
        9       145
       88        93
       76        88
       75        88
       20        73
      170       179
      170       175
      138       170
      151       153
       55        61
       56        57
       67        73
       65        67
      158       165
      158       161
      157       165
      157       161
      102       104
       90       102
       89        91
       89        90
       88        89
       81        84
       97        99
       67        69
       67        68
       66        67
       60        62
       89       102
       89       100
       56        61
       56        58
      190       192
      189       192
      189       190
       72        80
      140       142
      139       142
      139       140
      138       140
       62        64
      125       126
      123       126
      141       146
      140       146
      140       141
      107       108
      104       107
      157       160
      233       236
       96        97
       95        97
      101       104
      101       103
       78        80
       47       117
      143       147
      143       144
      142       143
       88        95
      109       114
       97       109
      162       166
      162       164
      161       166
      161       162
       89        96
       56        65
       89       105
      128       130
      113       116
      131       135
      109       111
      239       241
      230       235
      229       235
      229       230
       66        73
      123       124
      122       124
      122       123
      232       235
      225       235
      225       232
      219       235
      219       232
      219       225
       99       109
       68        74
       92        94
      191       193
       78        83
      152       153
       77        87
      101       102
      117       124
      111       124
      113       115
      117       119
      117       118
      192       194
      190       194
      211       212
      200       201
      172       174
      168       174
      129       130
      244       245
      243       244
      240       245
      240       244
      240       243
      111       113
      258       260
      256       260
       99       101
       96       109
      113       114
      124       127
      217       219
      114       116
      126       130
       18       134
      163       164
      161       163
      160       163
      214       216
      231       233
      251       257
      185       187
      153       154
      152       154
      126       128
      158       159
      157       159
      199       200
      197       200
      197       199
      208       209
      197       209
      197       208
      125       128
      139       141
      196       200
      196       199
      196       197
      168       173
      162       173
      245       246
      244       246
      223       224
      165       223
      141       143
      147       148
      144       147
      193       194
      207       217
      205       222
      205       217
      205       207
       15       140
      143       145
      144       146
      143       146
      160       206
      181       184
      176       181
      185       186
      183       186
      183       185
      182       186
      182       185
      182       183
      176       180
      249       250
      142       146
      140       143
      190       193
      188       193
      188       190
      247       257
      240       247
      177       257
      183       184
      181       183
      162       167
      160       162
       10       145
      184       191
      167       173
      132       170
      151       154
      225       230
      225       229
      243       246
      196       198
      195       196
      204       209
      198       204
      197       204
      232       234
      220       232
      220       221
      167       169
      182       250
      182       195
      226       229
      161       167
      147       151
      226       239
      226       227
      215       216
      212       215
      210       215
      210       212
      177       178
      175       177
      174       178
      174       177
      201       202
      218       223
      206       218
      205       218
      205       206
      174       179
      242       243
      241       254
      241       243
      176       182
      176       177
      200       202
      197       202
      183       199
      183       196
      242       253
      211       214
      242       252
      241       252
      199       202
      199       201
      247       250
      227       228
      225       227
      183       191
      240       241
      226       230
      220       230
      220       226
      219       230
      219       226
      219       220
      183       195
      187       189
      222       224
      222       223
      228       240
      247       252
      247       248
      241       247
      181       182
      182       184
      188       191
      183       188
      153       215
      176       178
      187       190
      257       259
      254       259
      254       257
      230       232
      249       251
      178       180
      230       231
      229       231
      204       206
      204       205
      203       206
      203       205
      203       204
      220       231
      179       180
      207       208
      204       208
      204       207
      203       208
      203       207
      221       223
      212       216
      184       185
      181       185
      237       238
      218       220
      218       219
      233       234
      231       234
      186       191
      185       191
      197       203
      231       232
      195       199
      247       249
      212       214
      150       203
      207       209
      204       217
      234       238
      234       237
      186       195
      219       221
      234       236
      196       203
      221       224
      202       210
      209       212
      209       210
      208       210
      213       215
      210       213
      153       213
      218       225
      207       213
      202       213
      236       238
      208       213
      239       240
      227       240
      240       242
      232       237
      254       256
      253       254
      239       243
      252       254
      252       257
      247       254
      256       259
       13        14        15
       12        14        15
       12        13        15
       12        13        14
       10        12        13
      227       229       239
       51        52        55
       46        51        52
       31        32        33
       30        32        33
       30        31        33
       30        31        32
       39        41        42
       38        41        42
       38        39        42
       38        39        41
       44        48        49
      133       134       139
       79        80        82
       12        13        16
       10        13        16
       10        12        16
        2         3         4
        1         3         4
        1         2         4
        1         2         3
       25        26        29
       19        25        26
       18        19        25
       18        19        22
       45        48        49
       28        31        35
       27        31        35
       27        28        35
       27        28        31
      174       175       176
      169       174       175
        2         3         8
        2         3         6
       39        42        44
       38        42        44
       38        39        44
       31        32        37
       31        32        36
        2         5         7
        1         5         7
        1         2         7
        1         2         5
        3         4         5
        2         4         5
        2         3         5
      167       168       171
      167       168       170
       23        83        85
        3         5         6
        2         5         6
       53        65        69
        3         4         9
       18        20        21
       17        18        21
       17        18        20
      100       102       105
       95       102       105
       95       100       102
      161       164       165
      160       164       165
      160       161       165
      160       161       164
      121       122       127
      117       121       122
       46        48        50
       46        47        48
       19        21        22
       18        21        22
       18        19        21
       14        17        18
       18        19        20
       17        19        20
       17        18        19
      218       221       222
      217       221       222
      217       218       222
      217       218       221
       13        14        16
      149       150       156
       11        13        16
       10        11        16
       10        11        13
        9        10        11
        8         9        10
       19        22        23
       41        42        43
        9        10        12
      169       171       172
      168       171       172
      168       169       172
      168       169       171
      148       149       155
       21        22        23
       19        21        23
      142       144       145
       32        33        38
      255       256       258
      251       252       253
      248       251       252
       25        27        28
      253       255       256
      241       242       248
       96        99       100
       95        99       100
       95        96       100
       95        96        99
       82        84        86
      195       197       198
       69        70        72
       66        70        72
       66        69        72
       66        69        70
       14        15        18
       48        49        50
       38        39        40
       37        39        40
       37        38        40
       37        38        39
      171       172       173
       19        20        21
       13        14        17
      133       138       139
       57        58        60
       51        53        54
      225       226       228
      110       112       113
      109       110       113
      175       178       179
       30        31        35
       27        30        35
       27        30        31
       32        34        36
       32        33        34
       22        23        24
       21        22        24
       40        45        49
       70        71        72
       69        70        71
       19        20        26
       52        54        55
       51        52        54
      133       135       136
      133       134       135
       26        27        28
       25        26        28
       25        26        27
       44        45        46
       39        44        45
       31        34        35
       30        34        35
       30        31        34
       95        96        98
       90       100       101
       90        96       100
      124       126       129
      132       135       136
      132       133       136
      132       133       135
       27        28        29
       26        28        29
       26        27        29
       45        47        48
       45        46        48
       45        46        47
      103       104       106
      131       132       134
      132       133       138
      131       132       133
       52        53        54
       51        52        53
       44        45        48
       44        45        47
       32        37        38
      148       151       152
       31        33        34
       38        41        43
       31        34        36
       31        32        34
       53        58        61
      102       105       107
       88        91        92
       87        91        92
       87        88        92
       87        88        91
      110       111       117
       77        78        79
       74        78        79
       74        77        79
       74        77        78
       32        37        43
       26        27        30
      186       187       188
       37        41        43
       34        35        36
       74        75        87
       88        90        91
      156       157       158
      155       157       158
      155       156       158
      155       156       157
      148       149       152
       37        38        41
       37        38        43
      149       150       151
      148       150       151
      148       149       151
      148       149       150
      112       118       122
      111       118       122
      111       112       122
      111       112       118
       46        47        52
      168       169       170
        3         8         9
       60        63        64
       44        46        47
       53        54        55
       52        53        55
       53        54        61
        5         6         7
      132       134       135
      132       133       134
       66        68        69
       65        66        69
       65        66        68
       39        44        49
       58        60        63
       80        83        85
       53        66        69
       53        65        66
       52        53        65
       39        40        49
       39        45        49
       39        40        45
      162       163       168
       97        98       110
       57        59        60
       44        45        49
      118       119       121
       45        48        50
       45        46        50
        4       148       155
       46        50        51
       45        46        51
      104       106       108
       67        78        79
       67        74        79
       67        74        78
       74        75        76
       73        75        76
       73        74        76
       73        74        75
      132       135       137
       53        55        56
       52        55        56
       52        53        56
       73        77        78
       73        74        78
       73        74        77
       82        85        86
      147       149       150
       53        54        66
       67        70        72
        9        12       145
       75        76        88
      170       175       179
      149       151       153
       68        69        70
       55        56        57
      158       161       165
      157       161       165
      157       158       165
      157       158       161
       89        90        91
       88        89        91
       88        89        90
       81        82        84
       53        55        61
       67        68        69
       66        67        69
       66        67        68
       59        60        62
       89       100       102
       89        95       102
       89        95       100
       55        56        61
       53        56        61
       56        58        61
       53        56        58
      189       190       192
       80        82        85
      139       140       142
      138       139       140
       58        61        63
       67        69        70
       67        68        70
      123       125       126
      140       141       146
      104       107       108
       96        97        98
       95        97        98
       95        96        97
      101       103       104
      142       143       144
       66        67        70
      109       110       114
       97       109       110
      162       164       166
      161       164       166
      161       162       166
      161       162       164
       67        68        79
       89        96       100
       89        90       100
       89        90        96
       67        73        74
       56        57        58
       53        56        65
       89       102       105
       52        56        65
       87        88        89
       89        95        96
       65        67        68
       65        66        67
      131       135       137
      131       132       137
      131       132       135
       60        62        64
      109       110       111
       88        91        93
       66        67        72
       67        73        78
      229       230       235
       99       100       105
       66        67        73
       78        79        80
      122       123       124
      112       122       123
       90       100       102
       89        90       102
      225       232       235
      219       232       235
      219       225       235
      219       225       232
       97        99       109
       68        74        79
       67        68        74
      123       124       126
       92        93        94
       79        81        82
      135       136       137
       74        75        77
       78        80        83
       77        78        83
      149       152       153
       89        95       105
       75        77        87
       74        77        87
      100       101       102
      102       104       107
       88        89        95
       75        87        88
      117       122       124
      111       122       124
      111       117       124
      111       117       122
      101       102       104
       91        92        93
       88        92        93
       91        92        94
       75        87        92
      131       133       134
      117       119       120
      117       118       119
      110       111       112
       96        97        99
      190       192       194
      169       172       174
      168       172       174
      168       169       174
       15       139       142
      243       244       245
      240       244       245
      240       243       245
      240       243       244
      110       111       113
      111       112       113
      256       258       260
       99       100       101
      169       170       175
      110       114       115
       96        99       109
       96        97       109
      111       117       118
      113       114       115
      110       113       115
      110       113       114
      122       124       127
      117       124       127
      121       122       123
      118       121       122
      114       115       116
      113       114       116
      126       129       130
      117       118       121
      117       118       122
       18        25       134
      109       113       114
      124       127       129
      161       163       164
      160       161       163
      152       153       154
      126       128       130
      157       158       159
      198       199       200
      197       199       200
      197       198       200
      197       198       199
      197       208       209
      125       126       128
      139       140       141
      196       199       200
      196       197       200
      196       197       199
      244       245       246
      156       158       159
      156       157       159
      151       152       153
      149       151       152
      147       148       150
      147       148       149
      155       156       159
      143       144       147
      156       157       160
      205       217       222
      205       207       217
      169       175       179
      169       170       179
       15       140       142
       15       139       140
      168       171       173
      143       144       145
      142       143       145
      143       144       146
      144       147       148
      175       176       181
      183       185       186
      182       185       186
      182       183       186
      182       183       185
      176       180       181
      175       176       180
      144       145       148
      142       143       146
      140       143       146
      140       142       146
      140       142       143
      188       190       193
      181       183       184
       10        12       145
      162       167       173
        9        10       145
      151       152       154
      225       229       230
      243       244       246
      196       197       198
      195       196       198
      195       196       197
      141       143       146
      140       141       143
      198       204       209
      197       204       209
      197       198       209
      197       198       204
      167       169       170
      167       168       169
      157       160       165
      157       160       161
      225       226       229
      149       155       156
      161       162       167
      147       148       151
      226       229       239
      226       227       239
      226       227       229
      161       162       163
      160       162       163
      160       161       162
      210       212       215
      175       177       178
      174       175       178
      174       175       177
      205       206       218
      162       167       168
      174       178       179
      241       242       243
      176       177       182
      162       163       164
      197       200       202
      175       176       177
      174       176       177
      183       196       199
      183       184       196
      164       165       166
      242       248       252
      241       248       252
      241       242       252
      226       227       228
      225       227       228
      225       226       227
      167       171       173
      183       184       191
      190       193       194
      240       241       243
      220       226       230
      219       226       230
      219       220       230
      219       220       226
      222       223       224
      167       168       173
      247       248       252
      241       247       252
      241       247       248
      181       182       183
      176       181       182
      182       183       184
      181       182       184
      183       188       191
      219       225       226
      176       177       178
      175       176       178
      187       189       190
      242       252       253
      254       257       259
      240       241       247
      169       174       179
      220       230       232
      219       230       232
      219       220       232
      229       230       231
      226       229       230
      204       205       206
      203       205       206
      203       204       206
      203       204       205
      174       175       179
      185       186       187
      178       179       180
      176       178       180
      175       178       180
      204       207       208
      203       207       208
      203       204       208
      203       204       207
      196       199       202
      212       215       216
      183       184       185
      182       184       185
      181       182       185
      218       219       220
      217       218       219
      200       201       202
      199       200       202
      199       200       201
      231       233       234
      187       188       190
      185       186       191
      186       188       191
      197       203       208
      231       232       234
      197       203       204
      196       198       199
      195       196       199
      225       230       232
      219       225       230
      247       248       249
      182       183       195
      183       185       191
      212       214       216
      183       186       191
      183       186       188
      196       200       202
      196       197       202
      188       191       193
      204       207       217
      204       207       209
      234       237       238
      183       186       195
      182       186       195
      219       220       221
      218       220       221
      218       219       221
      183       195       196
      233       234       236
      183       195       199
      207       208       209
      204       208       209
      196       197       203
      197       204       208
      218       222       223
      209       210       212
      204       205       207
      209       211       212
      208       209       210
      221       222       224
      211       212       214
      210       213       215
      205       217       218
      220       230       231
      153       213       215
      204       205       217
      230       231       232
      234       236       238
      208       210       213
      207       208       213
      247       249       250
      225       226       230
      239       240       244
      227       239       240
      221       222       223
      218       221       223
      240       241       242
      239       240       241
      232       234       237
      253       254       256
      230       232       235
      227       228       240
      232       235       237
      218       219       225
      239       243       244
      239       240       243
      252       253       254
      240       242       243
      252       254       257
      247       251       252
      247       248       251
      247       254       257
      241       247       254
      251       252       257
      254       256       259
      256       259       260
      247       252       254
      241       252       254
      248       249       251
       12        13        14        15
       30        31        32        33
       38        39        41        42
       10        12        13        16
        1         2         3         4
       27        28        31        35
       38        39        42        44
        1         2         5         7
        2         3         4         5
        2         3         5         6
      160       161       164       165
       18        19        21        22
       17        18        19        20
      217       218       221       222
       10        11        13        16
      168       169       171       172
       19        21        22        23
       95        96        99       100
       66        69        70        72
       37        38        39        40
       18        19        20        21
       27        30        31        35
       25        26        27        28
       30        31        34        35
      132       133       135       136
       26        27        28        29
       45        46        47        48
       51        52        53        54
       31        32        34        36
       87        88        91        92
       74        77        78        79
       31        32        33        34
      155       156       157       158
      148       149       150       151
      111       112       118       122
       52        53        54        55
       37        38        41        43
      132       133       134       135
       53        65        66        69
       39        40        45        49
       44        45        46        47
       39        44        45        49
       44        45        48        49
       45        46        48        50
       67        74        78        79
       73        74        75        76
       52        53        55        56
       73        74        77        78
      157       158       161       165
       88        89        90        91
       66        67        68        69
       89        95       100       102
       53        55        56        61
       53        56        58        61
       67        68        69        70
       95        96        97        98
       66        67        69        70
      161       162       164       166
       89        90        96       100
       52        53        56        65
       65        66        67        68
      131       132       135       137
       66        67        70        72
       89        90       100       102
      219       225       232       235
       67        68        74        79
       67        73        74        78
       89        95       102       105
       74        75        77        87
      111       117       122       124
       88        91        92        93
      131       132       133       134
      168       169       172       174
       89        95        96       100
      240       243       244       245
       96        97        99       109
      110       113       114       115
      110       111       112       113
      111       117       118       122
      109       110       113       114
      117       118       121       122
      197       198       199       200
      196       197       199       200
      156       157       158       159
      149       151       152       153
      147       148       149       150
      169       170       175       179
       15       139       140       142
      142       143       144       145
      182       183       185       186
      140       142       143       146
        9        10        12       145
      195       196       197       198
      140       141       143       146
      197       198       204       209
      167       168       169       170
      157       160       161       165
      148       149       151       152
      226       227       229       239
      160       161       162       163
      161       162       163       164
      174       175       176       177
      241       242       248       252
      225       226       227       228
      219       220       226       230
      167       168       171       173
      241       247       248       252
      181       182       183       184
      175       176       177       178
      219       220       230       232
      203       204       205       206
      169       174       175       179
      174       175       178       179
      175       176       178       180
      203       204       207       208
      182       183       184       185
      219       225       230       232
      183       185       186       191
      183       186       188       191
      196       197       198       199
      196       197       200       202
      196       199       200       202
      182       183       186       195
      218       219       220       221
      183       195       196       199
      204       207       208       209
      197       204       208       209
      197       203       204       208
      204       205       207       217
      225       226       229       230
      218       221       222       223
      219       225       226       230
      239       240       243       244
      240       241       242       243
      247       248       251       252
      241       247       252       254
